3
4
3
4
3
4
3
4
3
4
5
9
5
5
6
6
6
4
3
4
3
4
7
7
7
4
3
4
3
4
8
8
8
8
3
4
3
4
3
4
3
3
3
3
10
11
12
13
3
3
14
3
3
3
3
15
16
17
4
3
4
3
4
3
4
3
4
5
9
5
18
18
18
6
4
19
20
20
4
7
7
7
4
3
21
22
23
24
8
8
8
3
4
3
4
3
4
3
3
3
3
3
3
3
3
3
3
3
3
3
3
3
3
3
3
4
3
4
3
4
3
4
3
4
5
9
5
5
6
6
6
4
3
4
3
4
7
7
7
4
3
4
3
4
8
8
8
8
3
4
3
4
3
4
3
3
3
3
3
3
3
3
3
3
3
3
3
3
3
3
3
3
4
3
4
3
4
3
4
3
4
5
9
5
5
6
6
6
4
3
4
3
4
7
7
7
4
3
4
3
4
8
8
8
8
3
4
3
4
3
4
3
3
3
3
3
3
3
3
3
3
3
3
3
3
3
3
3
3
4
3
4
3
4
3
4
3
4
5
9
5
5
6
6
6
4
3
4
3
4
7
7
7
4
3
4
3
4
8
8
8
8
3
4
3
4
3
4
3
3
3
3
3
3
3
3
3
3
3
3
3
3
3
3
3
3
4
3
4
3
4
3
4
3
4
5
9
5
5
6
6
6
4
3
4
3
4
7
7
7
4
3
4
3
4
8
8
8
8
3
4
3
4
3
4
3
3
3
3
3
3
3
3
3
3
3
3
3
3
3
3
3
3
4
3
4
3
4
3
4
3
4
5
9
5
5
6
6
6
4
3
4
3
4
7
7
7
4
3
4
3
4
8
8
8
8
3
4
3
4
3
4
3
3
3
3
3
3
3
3
3
3
3
3
3
3
3
3
3
3
4
3
4
3
4
3
4
3
4
5
9
5
5
6
6
6
4
3
4
3
4
7
7
7
4
3
4
3
4
8
8
8
8
3
4
3
4
3
4
3
3
3
3
3
3
3
3
3
3
3
3
3
3
3
3
3
3
4
3
4
3
4
3
4
3
4
5
9
5
5
6
6
6
4
3
4
3
4
7
7
7
4
3
4
3
4
8
8
8
8
3
4
3
4
3
4
3
3
3
3
3
3
3
3
3
3
3
3
3
3
3
3
3
3
4
3
4
3
4
3
4
3
4
5
9
5
5
6
6
6
4
3
4
3
4
7
7
7
4
3
4
3
4
8
8
8
8
3
4
3
4
3
4
3
3
3
3
3
3
3
3
3
3
3
3
3
3
3
3
3
3
4
3
4
3
4
3
4
3
4
5
9
5
5
6
6
6
4
3
4
3
4
7
7
7
4
3
4
3
4
8
8
8
8
3
4
3
4
3
4
3
3
3
3
3
3
3
3
3
3
3
3
3
3
3
3
3
